Matrix_1:
    11.000    33.000    88.000     4.000
     3.000     1.000     9.000     7.000
     2.000     0.000     1.000     5.000
     3.000     5.000     7.000     1.000

Matrix_2:
    11.000    33.000    88.000     4.000
     3.000     1.000     9.000     7.000
     2.000     0.000     1.000     5.000
     3.000     5.000     7.000     1.000

Matrix_1 + Matrix_2:
    22.000    66.000   176.000     8.000
     6.000     2.000    18.000    14.000
     4.000     0.000     2.000    10.000
     6.000    10.000    14.000     2.000

Matrix_1 - Matrix_2:
     0.000     0.000     0.000     0.000
     0.000     0.000     0.000     0.000
     0.000     0.000     0.000     0.000
     0.000     0.000     0.000     0.000

Matrix_1 * Matrix_2:
   408.000   416.000  1381.000   719.000
    75.000   135.000   331.000    71.000
    39.000    91.000   212.000    18.000
    65.000   109.000   323.000    83.000

Matrix_1 / Matrix_2:
    -1.000     0.000     0.000    -0.000
     0.000    -1.000    -0.000     0.000
     0.000     0.000    -1.000    -0.000
     0.000     0.000    -0.000    -1.000

Determinant: -872.000
     5.000    -2.000     2.000     7.000
     1.000     0.000     0.000     3.000
    -3.000     1.000     5.000     0.000
     3.000    -1.000    -9.000     4.000

Adjoint:
    12.000   -76.000    60.000    36.000
    56.000  -208.000    82.000    58.000
    -4.000    -4.000     2.000    10.000
    -4.000    -4.000   -20.000   -12.000

Inverse:
     0.136    -0.864     0.682     0.409
     0.636    -2.364     0.932     0.659
    -0.045    -0.045     0.023     0.114
    -0.045    -0.045    -0.227    -0.136

Cube of m_4:
   468.000   576.000   684.000
  1062.000  1305.000  1548.000
  1656.000  2034.000  2412.000

Transpose of cube:
   468.000  1062.000  1656.000
   576.000  1305.000  2034.000
   684.000  1548.000  2412.000

