Matrix_1:
        11        33        88         4
         3         1         9         7
         2         0         1         5
         3         5         7         1

Matrix_2:
        11        33        88         4
         3         1         9         7
         2         0         1         5
         3         5         7         1

Matrix_1 + Matrix_2:
        22        66       176         8
         6         2        18        14
         4         0         2        10
         6        10        14         2

Matrix_1 - Matrix_2:
         0         0         0         0
         0         0         0         0
         0         0         0         0
         0         0         0         0

Matrix_1 * Matrix_2:
       408       416 1.38e+003       719
        75       135       331        71
        39        91       212        18
        65       109       323        83

Matrix_1 / Matrix_2:
        -1 4.34e-019 1.08e-018-4.34e-019
         0        -1-4.34e-019         0
         0         0        -1-1.08e-019
 2.03e-020 2.17e-019-1.63e-019        -1

Determinant: -872
         5        -2         2         7
         1         0         0         3
        -3         1         5         0
         3        -1        -9         4

Adjoint:
        12       -76        60        36
        56      -208        82        58
        -4        -4         2        10
        -4        -4       -20       -12

Inverse:
     0.136    -0.864     0.682     0.409
     0.636     -2.36     0.932     0.659
   -0.0455   -0.0455    0.0227     0.114
   -0.0455   -0.0455    -0.227    -0.136

        30        36        42
        66        81        96
       102       126       150

       468       576       684
 1.06e+003  1.3e+003 1.55e+003
 1.66e+003 2.03e+003 2.41e+003

Cube of m_4:
       468       576       684
 1.06e+003  1.3e+003 1.55e+003
 1.66e+003 2.03e+003 2.41e+003

Transpose of cube:
       468 1.06e+003 1.66e+003
       576  1.3e+003 2.03e+003
       684 1.55e+003 2.41e+003

